
# Right Plane
triangle    255 0 0        0.2 0.0        1000 1000 -1200       1000 -1000 0     1000 -1000 -1200
triangle    255 0 0        0.2 0.0        1000 1000 -1200       1000 1000 0     1000 -1000 0

# Left Plane
triangle    0 255 0        0.2 0.0        -1000 1000 -1200       -1000 -1000 -1200     -1000 -1000 0
triangle    0 255 0        0.2 0.0        -1000 1000 0       -1000 1000 -1200     -1000 -1000 0

# Bottom Plane
triangle    0 0 255        0.2 0.0        -1000 -1000 -1200       1000 -1000 -1200     -1000 -1000 0
triangle    0 0 255        0.2 0.0        1000 -1000 -1200       1000 -1000 0     -1000 -1000 0

# Top Plane
triangle    255 255 0      0.2 0.0        -1000 1000 -1200      -1000 1000 0        1000 1000 -1200
triangle    255 255 0      0.2 0.0         1000 1000 -1200      -1000 1000 0        1000 1000 0

# Near (Behind Us) Plane
triangle    255 255 255       0.2 0.0        -1000 1000 0       -1000 -1000 0     1000 1000 0
triangle    255 255 255       0.2 0.0        1000 -1000 0        1000 1000 0      -1000 -1000 0

sphere      255 000 000       0.8 0.0       100 -100 -500 100
sphere      000 000 255       0.8 0.0       100  000 -500 100
sphere      000 255 255       0.8 0.0       000  -50 -500 100

# Far Plane
#triangle    255 0 255      0.2 0.0        -1000 1000 -1200        1000 1000 -1200     -1000 -1000 -1200
#triangle    255 0 255      0.2 0.0        1000 -1000 -1200       -1000 -1000 -1200     1000 1000 -1200

triangle    0 0 255        0.2 0.0         -1000 -500 -1200          -500 -500 -1200          -1000 -1000 -1200
triangle    0 0 255        0.2 0.0         -500 -1000 -1200          -1000 -1000 -1200          -500 -500 -1200
triangle    0 255 0        0.7 0.0         -500 -500 -1200          0 -500 -1200          -500 -1000 -1200
triangle    0 255 0        0.7 0.0         0 -1000 -1200          -500 -1000 -1200          0 -500 -1200
triangle    0 0 255        0.2 0.0         0 -500 -1200          500 -500 -1200          0 -1000 -1200
triangle    0 0 255        0.2 0.0         500 -1000 -1200          0 -1000 -1200          500 -500 -1200
triangle    0 255 0        0.7 0.0         500 -500 -1200          1000 -500 -1200          500 -1000 -1200
triangle    0 255 0        0.7 0.0         1000 -1000 -1200          500 -1000 -1200          1000 -500 -1200
triangle    0 255 0        0.7 0.0         -1000 0 -1200          -500 0 -1200          -1000 -500 -1200
triangle    0 255 0        0.7 0.0         -500 -500 -1200          -1000 -500 -1200          -500 0 -1200
triangle    0 0 255        0.2 0.0         -500 0 -1200          0 0 -1200          -500 -500 -1200
triangle    0 0 255        0.2 0.0         0 -500 -1200          -500 -500 -1200          0 0 -1200
triangle    0 255 0        0.7 0.0         0 0 -1200          500 0 -1200          0 -500 -1200
triangle    0 255 0        0.7 0.0         500 -500 -1200          0 -500 -1200          500 0 -1200
triangle    0 0 255        0.2 0.0         500 0 -1200          1000 0 -1200          500 -500 -1200
triangle    0 0 255        0.2 0.0         1000 -500 -1200          500 -500 -1200          1000 0 -1200
triangle    0 0 255        0.2 0.0         -1000 500 -1200          -500 500 -1200          -1000 0 -1200
triangle    0 0 255        0.2 0.0         -500 0 -1200          -1000 0 -1200          -500 500 -1200
triangle    0 255 0        0.7 0.0         -500 500 -1200          0 500 -1200          -500 0 -1200
triangle    0 255 0        0.7 0.0         0 0 -1200          -500 0 -1200          0 500 -1200
triangle    0 0 255        0.2 0.0         0 500 -1200          500 500 -1200          0 0 -1200
triangle    0 0 255        0.2 0.0         500 0 -1200          0 0 -1200          500 500 -1200
triangle    0 255 0        0.7 0.0         500 500 -1200          1000 500 -1200          500 0 -1200
triangle    0 255 0        0.7 0.0         1000 0 -1200          500 0 -1200          1000 500 -1200
triangle    0 255 0        0.7 0.0         -1000 1000 -1200          -500 1000 -1200          -1000 500 -1200
triangle    0 255 0        0.7 0.0         -500 500 -1200          -1000 500 -1200          -500 1000 -1200
triangle    0 0 255        0.2 0.0         -500 1000 -1200          0 1000 -1200          -500 500 -1200
triangle    0 0 255        0.2 0.0         0 500 -1200          -500 500 -1200          0 1000 -1200
triangle    0 255 0        0.7 0.0         0 1000 -1200          500 1000 -1200          0 500 -1200
triangle    0 255 0        0.7 0.0         500 500 -1200          0 500 -1200          500 1000 -1200
triangle    0 0 255        0.2 0.0         500 1000 -1200          1000 1000 -1200          500 500 -1200
triangle    0 0 255        0.2 0.0         1000 500 -1200          500 500 -1200          1000 1000 -1200
